HG00096	0.000010 0.000010 0.999980
HG00097	0.002971 0.000010 0.997019
HG00099	0.002793 0.000010 0.997197
HG00100	0.000011 0.000010 0.999979
HG00101	0.004515 0.000010 0.995475
HG00102	0.001463 0.000010 0.998527
HG00103	0.003231 0.000010 0.996759
HG00105	0.003669 0.000010 0.996321
HG00106	0.000012 0.000010 0.999978
HG00107	0.002613 0.000010 0.997377
HG00108	0.000010 0.000010 0.999980
HG00109	0.000010 0.000010 0.999980
HG00110	0.000011 0.000010 0.999979
HG00111	0.005371 0.000010 0.994619
HG00112	0.000010 0.000010 0.999980
HG00113	0.001043 0.000010 0.998947
HG00114	0.001434 0.000010 0.998556
HG00115	0.000010 0.000010 0.999980
HG00116	0.000010 0.000010 0.999980
HG00117	0.001377 0.000010 0.998613
HG00118	0.003612 0.000010 0.996378
HG00119	0.000011 0.000010 0.999979
HG00120	0.000010 0.000010 0.999980
HG00121	0.001485 0.000010 0.998505
HG00122	0.002554 0.000010 0.997436
HG00123	0.000010 0.000010 0.999980
HG00125	0.003038 0.000010 0.996952
HG00126	0.000010 0.000010 0.999980
HG00127	0.001797 0.000010 0.998193
HG00128	0.000010 0.000010 0.999980
HG00129	0.001361 0.000010 0.998629
HG00130	0.000010 0.000010 0.999980
HG00131	0.000010 0.000010 0.999980
HG00132	0.000010 0.000010 0.999980
HG00133	0.000092 0.000010 0.999898
HG00136	0.002118 0.000010 0.997872
HG00137	0.000010 0.000010 0.999980
HG00138	0.000011 0.000010 0.999979
HG00139	0.000010 0.000010 0.999980
HG00140	0.000010 0.000010 0.999980
HG00141	0.004600 0.000010 0.995390
HG00142	0.000010 0.000010 0.999980
HG00143	0.000017 0.000010 0.999973
HG00145	0.000019 0.000010 0.999971
HG00146	0.000017 0.000010 0.999973
HG00148	0.000010 0.000010 0.999980
HG00149	0.000010 0.000010 0.999980
HG00150	0.002378 0.000010 0.997612
HG00151	0.000011 0.000010 0.999979
HG00154	0.000010 0.000010 0.999980
HG00155	0.004102 0.000010 0.995888
HG00157	0.000010 0.000010 0.999980
HG00158	0.003195 0.000010 0.996795
HG00159	0.000010 0.000010 0.999980
HG00160	0.000016 0.000010 0.999974
HG00171	0.059298 0.000010 0.940692
HG00173	0.053710 0.000010 0.946280
HG00174	0.037507 0.000010 0.962483
HG00176	0.054924 0.000010 0.945066
HG00177	0.065792 0.000010 0.934198
HG00178	0.045572 0.000010 0.954418
HG00179	0.058612 0.000010 0.941378
HG00180	0.053529 0.000010 0.946461
HG00181	0.038456 0.005263 0.956281
HG00182	0.062470 0.000010 0.937520
HG00183	0.050666 0.000010 0.949324
HG00185	0.054003 0.000010 0.945987
HG00186	0.057157 0.000010 0.942833
HG00187	0.065528 0.000010 0.934462
HG00188	0.046522 0.000010 0.953468
HG00189	0.049378 0.000010 0.950612
HG00190	0.041542 0.000010 0.958448
HG00231	0.001703 0.000010 0.998287
HG00232	0.000010 0.000010 0.999980
HG00233	0.003518 0.000010 0.996472
HG00234	0.000010 0.000010 0.999980
HG00235	0.000010 0.000010 0.999980
HG00236	0.000010 0.000010 0.999980
HG00237	0.000010 0.000010 0.999980
HG00238	0.000010 0.000010 0.999980
HG00239	0.000010 0.000010 0.999980
HG00240	0.001562 0.000010 0.998428
HG00242	0.004461 0.000010 0.995529
HG00243	0.000751 0.000010 0.999239
HG00244	0.000010 0.000010 0.999980
HG00245	0.000010 0.000010 0.999980
HG00246	0.000010 0.000010 0.999980
HG00250	0.000010 0.000010 0.999980
HG00251	0.000489 0.000010 0.999501
HG00252	0.000010 0.000010 0.999980
HG00253	0.000011 0.000010 0.999979
HG00254	0.000010 0.000010 0.999980
HG00255	0.002064 0.000010 0.997926
HG00256	0.000010 0.000010 0.999980
HG00257	0.000010 0.000010 0.999980
HG00258	0.000010 0.000010 0.999980
HG00259	0.000010 0.000010 0.999980
HG00260	0.000010 0.000010 0.999980
HG00261	0.000010 0.000010 0.999980
HG00262	0.000010 0.000010 0.999980
HG00263	0.000010 0.000010 0.999980
HG00264	0.001327 0.000010 0.998663
HG00265	0.000010 0.000010 0.999980
HG00266	0.048762 0.000010 0.951228
HG00267	0.050768 0.000010 0.949222
HG00268	0.037657 0.000010 0.962333
HG00269	0.052052 0.000010 0.947938
HG00271	0.060287 0.000010 0.939703
HG00272	0.064395 0.000010 0.935595
HG00273	0.044090 0.000010 0.955900
HG00274	0.045668 0.000010 0.954322
HG00275	0.038586 0.000010 0.961404
HG00276	0.052797 0.000010 0.947193
HG00277	0.034148 0.000010 0.965842
HG00278	0.055553 0.000010 0.944437
HG00280	0.048573 0.000010 0.951417
HG00281	0.050918 0.000010 0.949072
HG00282	0.048939 0.000010 0.951051
HG00284	0.048595 0.000010 0.951395
HG00285	0.053627 0.000010 0.946363
HG00288	0.058038 0.000010 0.941952
HG00290	0.063883 0.000010 0.936107
HG00304	0.060466 0.000010 0.939524
HG00306	0.037612 0.000010 0.962378
HG00308	0.055687 0.000010 0.944303
HG00309	0.052023 0.000010 0.947967
HG00310	0.038628 0.000010 0.961362
HG00311	0.027352 0.000010 0.972638
HG00313	0.055192 0.000010 0.944798
HG00315	0.056239 0.000010 0.943751
HG00318	0.040303 0.000010 0.959687
HG00319	0.046356 0.000010 0.953634
HG00320	0.047341 0.000010 0.952649
HG00321	0.054211 0.000010 0.945779
HG00323	0.053515 0.000010 0.946475
HG00324	0.058273 0.000010 0.941717
HG00325	0.063122 0.000010 0.936868
HG00326	0.043941 0.000010 0.956049
HG00327	0.047158 0.000010 0.952832
HG00328	0.050086 0.000010 0.949904
HG00329	0.040652 0.000010 0.959338
HG00330	0.046690 0.000010 0.953300
HG00331	0.047530 0.000010 0.952460
HG00332	0.047260 0.000010 0.952730
HG00334	0.036623 0.000010 0.963367
HG00335	0.045746 0.000010 0.954244
HG00336	0.049235 0.000010 0.950755
HG00337	0.039990 0.000010 0.960000
HG00338	0.043787 0.000010 0.956203
HG00339	0.046005 0.000010 0.953985
HG00341	0.040937 0.007948 0.951115
HG00342	0.048967 0.000010 0.951023
HG00343	0.048340 0.000010 0.951650
HG00344	0.020217 0.000010 0.979773
HG00345	0.051393 0.000010 0.948597
HG00346	0.044711 0.000010 0.955279
HG00349	0.050291 0.000010 0.949699
HG00350	0.026995 0.000010 0.972995
HG00351	0.048234 0.000010 0.951756
HG00353	0.050138 0.000010 0.949852
HG00355	0.043782 0.000010 0.956208
HG00356	0.051576 0.000010 0.948414
HG00357	0.038800 0.000010 0.961190
HG00358	0.071052 0.000010 0.928938
HG00360	0.039360 0.000010 0.960630
HG00361	0.060633 0.000010 0.939357
HG00362	0.048119 0.000010 0.951871
HG00364	0.048052 0.000010 0.951938
HG00365	0.058879 0.000010 0.941111
HG00366	0.056064 0.000010 0.943926
HG00367	0.051411 0.000010 0.948579
HG00368	0.061130 0.000010 0.938860
HG00369	0.054607 0.000010 0.945383
HG00371	0.046348 0.000010 0.953642
HG00372	0.045962 0.000010 0.954028
HG00373	0.063327 0.000010 0.936663
HG00375	0.049753 0.000010 0.950237
HG00376	0.035529 0.000010 0.964461
HG00378	0.048517 0.000010 0.951473
HG00379	0.040094 0.000010 0.959896
HG00380	0.024869 0.000010 0.975121
HG00381	0.047816 0.000010 0.952174
HG00382	0.054977 0.000010 0.945013
HG00383	0.057302 0.000010 0.942688
HG00384	0.043955 0.000010 0.956035
HG00551	0.146389 0.084989 0.768623
HG00553	0.188917 0.181447 0.629636
HG00554	0.114511 0.082027 0.803462
HG00637	0.136682 0.158907 0.704411
HG00638	0.151362 0.171227 0.677411
HG00640	0.113193 0.077410 0.809398
HG00641	0.158581 0.079972 0.761447
HG00731	0.075836 0.033991 0.890173
HG00732	0.120960 0.064022 0.815018
HG00734	0.196611 0.101789 0.701600
HG00736	0.107627 0.060110 0.832264
HG00737	0.101195 0.077271 0.821533
HG00739	0.065098 0.051676 0.883226
HG00740	0.149370 0.120153 0.730477
HG00742	0.064232 0.060651 0.875117
HG00743	0.237799 0.095400 0.666800
HG01047	0.091868 0.086599 0.821532
HG01048	0.144362 0.114661 0.740976
HG01049	0.129970 0.228008 0.642022
HG01051	0.190228 0.207718 0.602054
HG01052	0.184320 0.215661 0.600019
HG01054	0.160030 0.062855 0.777114
HG01055	0.104968 0.126731 0.768302
HG01058	0.161809 0.126772 0.711419
HG01060	0.117285 0.087102 0.795613
HG01061	0.132346 0.070143 0.797512
HG01063	0.122696 0.355821 0.521483
HG01064	0.123764 0.179053 0.697182
HG01066	0.127036 0.067828 0.805136
HG01067	0.144322 0.076967 0.778711
HG01069	0.157571 0.083957 0.758473
HG01070	0.146162 0.054078 0.799760
HG01072	0.143898 0.080678 0.775424
HG01073	0.154592 0.079660 0.765748
HG01075	0.047376 0.097812 0.854811
HG01077	0.189315 0.194154 0.616530
HG01079	0.135018 0.162351 0.702631
HG01080	0.204993 0.089405 0.705602
HG01082	0.157364 0.197067 0.645569
HG01083	0.162007 0.098133 0.739860
HG01085	0.120634 0.126714 0.752652
HG01086	0.183602 0.133076 0.683322
HG01088	0.121189 0.188475 0.690336
HG01089	0.147288 0.152451 0.700261
HG01092	0.133103 0.254365 0.612533
HG01094	0.126365 0.132412 0.741224
HG01095	0.130372 0.109339 0.760289
HG01097	0.152447 0.093020 0.754533
HG01098	0.147593 0.101168 0.751239
HG01101	0.171559 0.145173 0.683269
HG01102	0.131711 0.171762 0.696526
HG01104	0.124967 0.090167 0.784867
HG01105	0.084882 0.081427 0.833691
HG01107	0.116419 0.218806 0.664775
HG01108	0.066762 0.635857 0.297381
HG01110	0.142340 0.127102 0.730558
HG01111	0.144668 0.117766 0.737566
HG01112	0.077730 0.021096 0.901175
HG01113	0.291437 0.014482 0.694081
HG01119	0.132029 0.030090 0.837881
HG01121	0.308635 0.054077 0.637287
HG01122	0.230871 0.074019 0.695109
HG01124	0.287971 0.149681 0.562349
HG01125	0.259814 0.101650 0.638536
HG01130	0.254021 0.067232 0.678747
HG01131	0.263814 0.066525 0.669661
HG01133	0.160303 0.026148 0.813549
HG01134	0.222567 0.122356 0.655077
HG01136	0.267626 0.093019 0.639355
HG01137	0.353910 0.027842 0.618248
HG01139	0.293094 0.180243 0.526663
HG01140	0.281921 0.042306 0.675773
HG01142	0.368015 0.194547 0.437438
HG01148	0.262146 0.054336 0.683517
HG01149	0.440671 0.104754 0.454576
HG01161	0.164959 0.190500 0.644541
HG01162	0.173737 0.104996 0.721268
HG01164	0.125229 0.104803 0.769967
HG01167	0.142871 0.228559 0.628569
HG01168	0.062521 0.033319 0.904160
HG01170	0.158467 0.121694 0.719839
HG01171	0.139060 0.189961 0.670980
HG01173	0.055311 0.070581 0.874108
HG01174	0.119252 0.067321 0.813427
HG01176	0.153688 0.096814 0.749498
HG01177	0.187045 0.080697 0.732257
HG01182	0.154737 0.131568 0.713695
HG01183	0.166568 0.115900 0.717531
HG01187	0.241601 0.183093 0.575306
HG01188	0.218209 0.217143 0.564649
HG01190	0.222316 0.161218 0.616466
HG01191	0.192533 0.095045 0.712423
HG01197	0.142055 0.066952 0.790993
HG01198	0.146122 0.186804 0.667074
HG01200	0.100463 0.050130 0.849407
HG01204	0.140242 0.104012 0.755746
HG01205	0.112765 0.118426 0.768810
HG01241	0.069842 0.672375 0.257784
HG01242	0.053451 0.505940 0.440609
HG01247	0.168163 0.200751 0.631086
HG01248	0.113084 0.116141 0.770775
HG01250	0.317783 0.076830 0.605387
HG01251	0.269056 0.027963 0.702981
HG01253	0.226069 0.049865 0.724065
HG01254	0.301291 0.174771 0.523939
HG01256	0.170250 0.014655 0.815094
HG01257	0.291801 0.021019 0.687180
HG01259	0.130678 0.031002 0.838320
HG01260	0.313271 0.131897 0.554832
HG01269	0.268378 0.077253 0.654369
HG01271	0.262549 0.076329 0.661122
HG01272	0.314467 0.185532 0.500001
HG01275	0.048067 0.012422 0.939510
HG01277	0.358054 0.019761 0.622184
HG01280	0.277441 0.025174 0.697385
HG01281	0.263033 0.031196 0.705771
HG01284	0.221118 0.074053 0.704829
HG01286	0.145601 0.243462 0.610936
HG01302	0.194497 0.121802 0.683701
HG01303	0.193964 0.123227 0.682810
HG01305	0.186739 0.155230 0.658031
HG01308	0.154406 0.233724 0.611869
HG01311	0.092554 0.097531 0.809915
HG01312	0.134518 0.138225 0.727257
HG01323	0.158529 0.117648 0.723823
HG01325	0.093791 0.142109 0.764100
HG01326	0.188332 0.111073 0.700595
HG01334	0.001467 0.000010 0.998523
HG01341	0.599097 0.008749 0.392154
HG01342	0.223306 0.345796 0.430899
HG01344	0.418598 0.030174 0.551228
HG01345	0.231446 0.058246 0.710308
HG01348	0.388106 0.047059 0.564835
HG01350	0.388387 0.078637 0.532977
HG01351	0.283868 0.016392 0.699740
HG01353	0.193031 0.029441 0.777528
HG01354	0.159031 0.016135 0.824833
HG01356	0.312620 0.060122 0.627258
HG01357	0.294529 0.016453 0.689018
HG01359	0.256264 0.045181 0.698556
HG01360	0.240194 0.066928 0.692878
HG01362	0.241307 0.130268 0.628425
HG01363	0.320156 0.179891 0.499953
HG01365	0.276978 0.141878 0.581144
HG01366	0.258699 0.106568 0.634732
HG01369	0.519275 0.127329 0.353396
HG01372	0.322504 0.046469 0.631026
HG01374	0.262954 0.017945 0.719100
HG01375	0.310730 0.132677 0.556593
HG01377	0.307951 0.101827 0.590222
HG01378	0.384063 0.045539 0.570398
HG01383	0.240854 0.031088 0.728058
HG01384	0.232372 0.065869 0.701759
HG01389	0.140203 0.057772 0.802025
HG01390	0.285269 0.273671 0.441060
HG01392	0.189473 0.173044 0.637483
HG01393	0.139778 0.219986 0.640236
HG01395	0.136171 0.082455 0.781374
HG01396	0.207596 0.177588 0.614816
HG01398	0.162236 0.172096 0.665668
HG01402	0.181670 0.174737 0.643592
HG01403	0.178107 0.176389 0.645504
HG01405	0.111221 0.108219 0.780560
HG01412	0.220927 0.098940 0.680133
HG01413	0.201342 0.150462 0.648195
HG01414	0.170122 0.145468 0.684410
HG01431	0.285599 0.113668 0.600732
HG01432	0.252915 0.035241 0.711844
HG01435	0.521493 0.047203 0.431304
HG01437	0.116333 0.014833 0.868834
HG01438	0.050128 0.018879 0.930993
HG01440	0.231666 0.168930 0.599403
HG01441	0.405454 0.022200 0.572346
HG01443	0.583878 0.052374 0.363748
HG01444	0.292637 0.105826 0.601537
HG01447	0.253180 0.077901 0.668919
HG01455	0.408763 0.038603 0.552633
HG01456	0.400218 0.052875 0.546907
HG01459	0.421907 0.034479 0.543614
HG01461	0.379980 0.177752 0.442268
HG01462	0.315744 0.288153 0.396103
HG01464	0.324960 0.196243 0.478797
HG01465	0.191047 0.017020 0.791933
HG01468	0.186695 0.026998 0.786307
HG01474	0.162984 0.020887 0.816129
HG01479	0.131906 0.033051 0.835043
HG01485	0.269620 0.359685 0.370696
HG01486	0.366027 0.041850 0.592123
HG01488	0.144743 0.152221 0.703036
HG01489	0.124149 0.019262 0.856589
HG01491	0.158824 0.016978 0.824198
HG01492	0.207378 0.029992 0.762631
HG01494	0.420368 0.097939 0.481693
HG01495	0.390001 0.127958 0.482041
HG01497	0.382930 0.046011 0.571059
HG01498	0.348720 0.046963 0.604317
HG01500	0.000010 0.025505 0.974485
HG01501	0.000010 0.025887 0.974103
HG01503	0.000010 0.011502 0.988488
HG01504	0.000010 0.014768 0.985222
HG01506	0.000010 0.018972 0.981018
HG01507	0.000010 0.016650 0.983340
HG01509	0.000010 0.021271 0.978719
HG01510	0.000010 0.015193 0.984797
HG01512	0.000010 0.008975 0.991015
HG01513	0.000010 0.008316 0.991674
HG01515	0.000010 0.000010 0.999980
HG01516	0.000010 0.000010 0.999980
HG01518	0.000010 0.000010 0.999980
HG01519	0.000010 0.000010 0.999980
HG01521	0.000010 0.000010 0.999980
HG01522	0.000011 0.000010 0.999979
HG01524	0.000010 0.014476 0.985514
HG01525	0.000010 0.019655 0.980335
HG01527	0.000010 0.031788 0.968202
HG01528	0.000010 0.023516 0.976474
HG01530	0.000010 0.024335 0.975655
HG01531	0.000010 0.020040 0.979950
HG01536	0.000010 0.012951 0.987039
HG01537	0.000277 0.008012 0.991711
HG01550	0.231090 0.067708 0.701202
HG01551	0.238558 0.384137 0.377305
HG01556	0.337675 0.237037 0.425288
HG01565	0.722001 0.000010 0.277989
HG01566	0.486472 0.012413 0.501115
HG01571	0.688697 0.000010 0.311293
HG01572	0.999980 0.000010 0.000010
HG01577	0.441950 0.063380 0.494669
HG01578	0.631754 0.004559 0.363686
HG01602	0.000010 0.023279 0.976711
HG01603	0.000010 0.019170 0.980820
HG01605	0.000010 0.011870 0.988120
HG01606	0.000010 0.013638 0.986352
HG01607	0.000456 0.013024 0.986521
HG01608	0.000010 0.016997 0.982993
HG01610	0.000010 0.018784 0.981206
HG01612	0.000010 0.024667 0.975323
HG01613	0.000010 0.009783 0.990207
HG01615	0.000010 0.011287 0.988703
HG01617	0.000010 0.016208 0.983782
HG01618	0.017667 0.013658 0.968675
HG01619	0.000010 0.017729 0.982261
HG01620	0.000010 0.025264 0.974726
HG01623	0.001030 0.022021 0.976949
HG01624	0.000010 0.024032 0.975958
HG01625	0.000010 0.013327 0.986663
HG01626	0.000010 0.025350 0.974640
HG01628	0.000010 0.065746 0.934244
HG01630	0.000010 0.047825 0.952165
HG01631	0.000010 0.004961 0.995029
HG01632	0.000010 0.013583 0.986407
HG01668	0.000010 0.030844 0.969146
HG01669	0.000010 0.048670 0.951320
HG01670	0.000010 0.013661 0.986329
HG01672	0.000010 0.010182 0.989808
HG01673	0.000010 0.006286 0.993704
HG01675	0.000010 0.007686 0.992304
HG01676	0.000010 0.005581 0.994409
HG01678	0.000010 0.009523 0.990467
HG01679	0.000010 0.012556 0.987434
HG01680	0.000010 0.012232 0.987758
HG01682	0.000010 0.006698 0.993292
HG01684	0.000010 0.005306 0.994684
HG01685	0.000010 0.024468 0.975522
HG01686	0.000010 0.015125 0.984865
HG01694	0.000010 0.046051 0.953939
HG01695	0.000010 0.049188 0.950802
HG01697	0.000010 0.027467 0.972523
HG01699	0.000010 0.026915 0.973075
HG01700	0.000010 0.000010 0.999980
HG01702	0.000010 0.000010 0.999980
HG01704	0.000010 0.029315 0.970675
HG01705	0.000010 0.024285 0.975705
HG01707	0.000010 0.017313 0.982677
HG01708	0.000821 0.022889 0.976291
HG01709	0.000010 0.026233 0.973757
HG01710	0.000010 0.021546 0.978444
HG01746	0.000010 0.009563 0.990427
HG01747	0.000010 0.011805 0.988185
HG01756	0.001079 0.022755 0.976165
HG01757	0.000010 0.029901 0.970089
HG01761	0.000010 0.014247 0.985743
HG01762	0.000010 0.013840 0.986150
HG01765	0.000035 0.022666 0.977300
HG01766	0.001303 0.028766 0.969931
HG01767	0.000010 0.027381 0.972609
HG01768	0.001603 0.028594 0.969802
HG01770	0.000010 0.016107 0.983883
HG01771	0.000010 0.008232 0.991758
HG01773	0.000010 0.009070 0.990920
HG01775	0.000010 0.008317 0.991673
HG01776	0.000010 0.004640 0.995350
HG01777	0.000010 0.006348 0.993642
HG01779	0.000010 0.006771 0.993219
HG01781	0.000010 0.010720 0.989270
HG01783	0.000010 0.022663 0.977327
HG01784	0.000010 0.019553 0.980437
HG01785	0.000010 0.006597 0.993393
HG01786	0.000010 0.008855 0.991135
HG01789	0.000010 0.000010 0.999980
HG01790	0.000010 0.000010 0.999980
HG01791	0.004981 0.000010 0.995009
HG01879	0.003625 0.832767 0.163608
HG01880	0.101331 0.594114 0.304556
HG01882	0.001902 0.957557 0.040541
HG01883	0.000010 0.851338 0.148652
HG01885	0.000010 0.939196 0.060794
HG01886	0.002651 0.886270 0.111079
HG01889	0.000010 0.967509 0.032481
HG01890	0.000010 0.871039 0.128951
HG01892	0.753623 0.056005 0.190373
HG01893	0.594728 0.113652 0.291620
HG01894	0.000010 0.911921 0.088069
HG01896	0.000010 0.961394 0.038596
HG01912	0.000010 0.900255 0.099735
HG01914	0.005747 0.841802 0.152451
HG01915	0.000010 0.919271 0.080719
HG01917	0.901708 0.000010 0.098282
HG01918	0.809841 0.000010 0.190149
HG01920	0.999980 0.000010 0.000010
HG01921	0.790237 0.000010 0.209753
HG01923	0.999980 0.000010 0.000010
HG01924	0.745514 0.114249 0.140237
HG01926	0.999980 0.000010 0.000010
HG01927	0.999980 0.000010 0.000010
HG01932	0.835679 0.000010 0.164311
HG01933	0.691276 0.096821 0.211904
HG01935	0.770686 0.000010 0.229304
HG01936	0.689099 0.031801 0.279100
HG01938	0.999980 0.000010 0.000010
HG01939	0.813497 0.000010 0.186493
HG01941	0.853571 0.050815 0.095614
HG01942	0.881906 0.000010 0.118084
HG01944	0.738064 0.048049 0.213887
HG01945	0.808692 0.000010 0.191298
HG01947	0.646490 0.024516 0.328993
HG01948	0.711083 0.175152 0.113765
HG01950	0.887924 0.050369 0.061707
HG01951	0.999980 0.000010 0.000010
HG01953	0.941686 0.000010 0.058304
HG01954	0.969112 0.000010 0.030878
HG01956	0.000010 0.922656 0.077334
HG01958	0.005237 0.850944 0.143819
HG01961	0.999980 0.000010 0.000010
HG01965	0.628268 0.083537 0.288195
HG01967	0.672477 0.005141 0.322382
HG01968	0.999980 0.000010 0.000010
HG01970	0.691714 0.000010 0.308276
HG01971	0.592872 0.165046 0.242082
HG01973	0.848229 0.029887 0.121884
HG01974	0.999980 0.000010 0.000010
HG01976	0.719026 0.002118 0.278856
HG01977	0.827474 0.000010 0.172516
HG01979	0.742059 0.003867 0.254074
HG01980	0.762595 0.032050 0.205355
HG01982	0.819222 0.000010 0.180768
HG01985	0.000010 0.912181 0.087809
HG01986	0.001509 0.862319 0.136171
HG01988	0.000010 0.558425 0.441565
HG01989	0.005520 0.841437 0.153043
HG01990	0.001311 0.914697 0.083992
HG01991	0.776680 0.015341 0.207978
HG01992	0.946462 0.000010 0.053528
HG01997	0.932238 0.000010 0.067752
HG02002	0.825306 0.000010 0.174684
HG02003	0.872321 0.000010 0.127669
HG02006	0.343417 0.384591 0.271992
HG02008	0.884099 0.000010 0.115891
HG02009	0.002267 0.850035 0.147698
HG02010	0.002036 0.836886 0.161078
HG02012	0.000010 0.915835 0.084155
HG02013	0.000010 0.965998 0.033992
HG02014	0.000010 0.872867 0.127123
HG02051	0.000010 0.968937 0.031053
HG02052	0.000010 0.968134 0.031856
HG02053	0.002081 0.926279 0.071639
HG02054	0.001790 0.868988 0.129222
HG02089	0.697235 0.012309 0.290456
HG02090	0.604971 0.120367 0.274662
HG02095	0.000010 0.934205 0.065785
HG02102	0.880996 0.000010 0.118994
HG02104	0.944878 0.000010 0.055112
HG02105	0.999980 0.000010 0.000010
HG02107	0.000010 0.966591 0.033399
HG02108	0.002216 0.834940 0.162845
HG02111	0.000010 0.923174 0.076816
HG02143	0.005079 0.815546 0.179374
HG02144	0.002451 0.935584 0.061966
HG02146	0.932914 0.000010 0.067076
HG02147	0.968457 0.000010 0.031533
HG02150	0.999980 0.000010 0.000010
HG02215	0.000010 0.000010 0.999980
HG02219	0.001859 0.010478 0.987663
HG02220	0.000010 0.007342 0.992648
HG02221	0.000010 0.012374 0.987616
HG02223	0.000010 0.010174 0.989816
HG02224	0.000010 0.004484 0.995506
HG02230	0.000010 0.000424 0.999566
HG02231	0.000010 0.005605 0.994385
HG02232	0.000010 0.020088 0.979902
HG02233	0.000010 0.019597 0.980393
HG02235	0.000010 0.013559 0.986431
HG02236	0.000010 0.015538 0.984452
HG02238	0.000010 0.019325 0.980665
HG02239	0.005111 0.023125 0.971763
HG02252	0.686854 0.018214 0.294932
HG02253	0.582030 0.007259 0.410710
HG02255	0.001969 0.928131 0.069899
HG02256	0.028798 0.780685 0.190517
HG02259	0.999980 0.000010 0.000010
HG02260	0.865948 0.000010 0.134042
HG02262	0.830145 0.000010 0.169845
HG02265	0.999980 0.000010 0.000010
HG02266	0.980921 0.000010 0.019069
HG02271	0.999980 0.000010 0.000010
HG02272	0.999980 0.000010 0.000010
HG02274	0.635096 0.252689 0.112215
HG02275	0.999980 0.000010 0.000010
HG02277	0.718699 0.000010 0.281291
HG02278	0.960991 0.000010 0.038999
HG02281	0.000922 0.959426 0.039651
HG02282	0.000010 0.804885 0.195105
HG02283	0.005252 0.791338 0.203410
HG02284	0.000864 0.840859 0.158278
HG02285	0.827172 0.002856 0.169971
HG02286	0.787246 0.000010 0.212744
HG02291	0.999980 0.000010 0.000010
HG02292	0.912125 0.000010 0.087865
HG02298	0.651310 0.003600 0.345090
HG02299	0.912981 0.000010 0.087009
HG02301	0.873971 0.000010 0.126019
HG02304	0.805076 0.049995 0.144928
HG02307	0.003969 0.940282 0.055750
HG02308	0.001513 0.886204 0.112283
HG02309	0.000010 0.893673 0.106317
HG02312	0.652086 0.000010 0.347904
HG02314	0.000010 0.930810 0.069180
HG02315	0.002546 0.869847 0.127607
HG02317	0.000010 0.942624 0.057366
HG02318	0.003241 0.951514 0.045245
HG02322	0.000010 0.875430 0.124560
HG02323	0.000010 0.929993 0.069997
HG02325	0.005348 0.968608 0.026044
HG02330	0.000010 0.890106 0.109884
HG02332	0.000010 0.905991 0.093999
HG02334	0.001626 0.757815 0.240559
HG02337	0.000010 0.874945 0.125045
HG02339	0.000010 0.977771 0.022219
HG02343	0.002096 0.776008 0.221895
HG02345	0.532904 0.086844 0.380252
HG02348	0.878455 0.000010 0.121535
HG02419	0.004275 0.932850 0.062876
HG02420	0.000010 0.581943 0.418047
HG02425	0.593575 0.057174 0.349252
HG02427	0.000010 0.908447 0.091543
HG02429	0.000010 0.907584 0.092406
HG02433	0.004986 0.872887 0.122127
HG02439	0.002590 0.944086 0.053324
HG02442	0.000010 0.976916 0.023074
HG02445	0.000010 0.828360 0.171630
HG02449	0.001779 0.941674 0.056546
HG02450	0.000010 0.913375 0.086615
HG02455	0.005029 0.858599 0.136372
HG02461	0.000010 0.990322 0.009668
HG02462	0.000010 0.954102 0.045888
HG02464	0.000010 0.999980 0.000010
HG02465	0.000010 0.993069 0.006921
HG02470	0.000010 0.931849 0.068141
HG02471	0.000081 0.925055 0.074863
HG02476	0.002741 0.841339 0.155920
HG02477	0.002885 0.865708 0.131407
HG02479	0.000301 0.902342 0.097356
HG02481	0.005304 0.907477 0.087219
HG02484	0.000010 0.895678 0.104312
HG02485	0.000010 0.741521 0.258469
HG02489	0.004468 0.871327 0.124205
HG02496	0.000848 0.920241 0.078911
HG02497	0.008440 0.940737 0.050823
HG02501	0.001760 0.783117 0.215123
HG02502	0.006163 0.820823 0.173015
HG02505	0.002349 0.901542 0.096110
HG02508	0.002525 0.924336 0.073140
HG02511	0.007011 0.937989 0.055000
HG02536	0.000010 0.815175 0.184815
HG02537	0.000010 0.949818 0.050172
HG02541	0.000841 0.814235 0.184924
HG02545	0.000010 0.915457 0.084533
HG02546	0.002888 0.920516 0.076596
HG02549	0.000010 0.962667 0.037323
HG02554	0.005459 0.886857 0.107683
HG02555	0.000010 0.896966 0.103024
HG02557	0.004669 0.935326 0.060005
HG02558	0.007870 0.903018 0.089112
HG02561	0.000010 0.964944 0.035046
HG02562	0.000010 0.988843 0.011147
HG02568	0.000010 0.971431 0.028559
HG02570	0.000010 0.990376 0.009614
HG02571	0.000010 0.987718 0.012272
HG02573	0.000010 0.975393 0.024597
HG02574	0.000010 0.959486 0.040504
HG02577	0.000010 0.798249 0.201741
HG02580	0.000010 0.856030 0.143960
HG02582	0.000010 0.983041 0.016949
HG02583	0.000010 0.989954 0.010036
HG02585	0.000010 0.993149 0.006841
HG02586	0.000010 0.987690 0.012300
HG02588	0.000010 0.985310 0.014680
HG02589	0.000010 0.979435 0.020555
HG02594	0.000010 0.981876 0.018114
HG02595	0.000010 0.984712 0.015278
HG02610	0.000010 0.985131 0.014859
HG02611	0.000010 0.991077 0.008913
HG02613	0.000010 0.958928 0.041062
HG02614	0.000010 0.950221 0.049769
HG02620	0.000010 0.985937 0.014053
HG02621	0.000010 0.991517 0.008473
HG02623	0.000010 0.994620 0.005370
HG02624	0.000010 0.999030 0.000960
HG02628	0.000010 0.995641 0.004349
HG02629	0.000010 0.989326 0.010664
HG02634	0.000010 0.973763 0.026227
HG02635	0.000010 0.980728 0.019262
HG02642	0.000010 0.981913 0.018077
HG02643	0.000010 0.978473 0.021517
HG02645	0.000010 0.988511 0.011479
HG02646	0.000010 0.990300 0.009690
HG02666	0.000010 0.993370 0.006620
HG02667	0.000010 0.982244 0.017746
HG02675	0.000010 0.985852 0.014138
HG02676	0.000010 0.967465 0.032525
HG02678	0.000010 0.974860 0.025130
HG02679	0.000010 0.989558 0.010432
HG02702	0.000010 0.965712 0.034278
HG02703	0.000010 0.990992 0.008998
HG02715	0.000010 0.988306 0.011684
HG02716	0.000010 0.992783 0.007207
HG02721	0.000010 0.979262 0.020728
HG02722	0.000010 0.987748 0.012242
HG02756	0.000010 0.992632 0.007358
HG02757	0.000010 0.985762 0.014228
HG02759	0.000010 0.985952 0.014038
HG02760	0.000556 0.977187 0.022257
HG02763	0.000010 0.985484 0.014506
HG02768	0.000010 0.988334 0.011656
HG02769	0.000010 0.984686 0.015304
HG02771	0.000010 0.994697 0.005293
HG02772	0.000010 0.992213 0.007777
HG02798	0.000010 0.993006 0.006984
HG02799	0.000017 0.985589 0.014393
HG02804	0.000010 0.998414 0.001576
HG02805	0.000010 0.999913 0.000077
HG02807	0.000010 0.971699 0.028291
HG02808	0.000010 0.981994 0.017996
HG02810	0.000010 0.922848 0.077142
HG02811	0.000010 0.986833 0.013157
HG02813	0.000010 0.988693 0.011297
HG02814	0.000010 0.988902 0.011088
HG02816	0.000792 0.979556 0.019652
HG02817	0.000010 0.980397 0.019593
HG02819	0.000010 0.992338 0.007652
HG02820	0.000010 0.990256 0.009734
HG02836	0.001626 0.979723 0.018650
HG02837	0.000010 0.982265 0.017725
HG02839	0.000010 0.980090 0.019900
HG02840	0.000010 0.976042 0.023948
HG02851	0.000010 0.983445 0.016545
HG02852	0.000010 0.976527 0.023463
HG02854	0.000010 0.991706 0.008284
HG02855	0.000010 0.985109 0.014881
HG02860	0.000387 0.989798 0.009814
HG02861	0.000010 0.985884 0.014106
HG02870	0.000010 0.983937 0.016053
HG02878	0.000010 0.984694 0.015296
HG02879	0.000010 0.984883 0.015107
HG02881	0.000010 0.992074 0.007916
HG02882	0.000010 0.989631 0.010359
HG02884	0.000010 0.983256 0.016734
HG02885	0.000010 0.980912 0.019078
HG02887	0.000010 0.997608 0.002382
HG02888	0.000010 0.983343 0.016647
HG02890	0.000010 0.978382 0.021608
HG02891	0.000010 0.981815 0.018175
HG02895	0.000010 0.984231 0.015759
HG02896	0.000010 0.986024 0.013966
HG02922	0.000010 0.999980 0.000010
HG02923	0.000010 0.999980 0.000010
HG02938	0.000010 0.999980 0.000010
HG02941	0.000010 0.999980 0.000010
HG02943	0.000010 0.999980 0.000010
HG02944	0.000010 0.999980 0.000010
HG02946	0.000010 0.999980 0.000010
HG02947	0.000010 0.999980 0.000010
HG02952	0.000010 0.999980 0.000010
HG02953	0.000010 0.999980 0.000010
HG02968	0.000014 0.999976 0.000010
HG02970	0.000010 0.999980 0.000010
HG02971	0.000010 0.999980 0.000010
HG02973	0.000010 0.999980 0.000010
HG02974	0.000010 0.999980 0.000010
HG02976	0.000010 0.999980 0.000010
HG02977	0.000010 0.999980 0.000010
HG02979	0.000010 0.999980 0.000010
HG02981	0.000010 0.999980 0.000010
HG02982	0.000010 0.989099 0.010891
HG02983	0.000010 0.985015 0.014975
HG03024	0.000010 0.995541 0.004449
HG03025	0.000010 0.999980 0.000010
HG03027	0.000010 0.994131 0.005859
HG03028	0.000010 0.991368 0.008622
HG03039	0.000010 0.987606 0.012384
HG03040	0.000010 0.992864 0.007126
HG03045	0.000010 0.974723 0.025267
HG03046	0.000010 0.977878 0.022112
HG03048	0.000010 0.986544 0.013446
HG03049	0.000010 0.988638 0.011352
HG03052	0.000010 0.999980 0.000010
HG03054	0.000010 0.999980 0.000010
HG03055	0.000010 0.999980 0.000010
HG03057	0.000010 0.999980 0.000010
HG03058	0.000010 0.999980 0.000010
HG03060	0.000010 0.999980 0.000010
HG03061	0.000010 0.999980 0.000010
HG03063	0.000010 0.999980 0.000010
HG03064	0.000010 0.999980 0.000010
HG03066	0.000010 0.999980 0.000010
HG03069	0.000010 0.999980 0.000010
HG03072	0.000010 0.999980 0.000010
HG03073	0.000010 0.999980 0.000010
HG03074	0.000010 0.999980 0.000010
HG03077	0.000010 0.999980 0.000010
HG03078	0.000010 0.999980 0.000010
HG03079	0.000010 0.999980 0.000010
HG03081	0.000010 0.999980 0.000010
HG03082	0.000010 0.999980 0.000010
HG03084	0.000010 0.999980 0.000010
HG03085	0.000010 0.999980 0.000010
HG03086	0.000010 0.999980 0.000010
HG03088	0.000010 0.990010 0.009980
HG03091	0.000010 0.999980 0.000010
HG03095	0.000010 0.999980 0.000010
HG03096	0.000010 0.999980 0.000010
HG03097	0.000010 0.999980 0.000010
HG03099	0.000010 0.999980 0.000010
HG03100	0.000010 0.999980 0.000010
HG03103	0.000010 0.999980 0.000010
HG03105	0.000010 0.999980 0.000010
HG03108	0.000010 0.999980 0.000010
HG03109	0.000010 0.999980 0.000010
HG03111	0.000010 0.999980 0.000010
HG03112	0.000011 0.999979 0.000010
HG03114	0.000010 0.999980 0.000010
HG03115	0.000010 0.999980 0.000010
HG03117	0.000010 0.999980 0.000010
HG03118	0.000010 0.999980 0.000010
HG03120	0.000010 0.999980 0.000010
HG03121	0.000010 0.999980 0.000010
HG03123	0.000010 0.999980 0.000010
HG03124	0.000010 0.999980 0.000010
HG03126	0.000010 0.999980 0.000010
HG03127	0.000010 0.999980 0.000010
HG03129	0.000010 0.999980 0.000010
HG03130	0.000010 0.999980 0.000010
HG03132	0.000010 0.999980 0.000010
HG03133	0.000010 0.999980 0.000010
HG03135	0.000010 0.999980 0.000010
HG03136	0.000010 0.999980 0.000010
HG03139	0.000010 0.999980 0.000010
HG03157	0.000010 0.999980 0.000010
HG03159	0.000010 0.999980 0.000010
HG03160	0.000010 0.999980 0.000010
HG03162	0.000010 0.999980 0.000010
HG03163	0.000010 0.999980 0.000010
HG03166	0.000010 0.999980 0.000010
HG03168	0.000010 0.999980 0.000010
HG03169	0.000010 0.999980 0.000010
HG03172	0.000010 0.999980 0.000010
HG03175	0.000010 0.999980 0.000010
HG03189	0.000010 0.999980 0.000010
HG03190	0.000010 0.999980 0.000010
HG03193	0.000010 0.999980 0.000010
HG03195	0.000010 0.999980 0.000010
HG03196	0.000010 0.999980 0.000010
HG03198	0.000010 0.999980 0.000010
HG03199	0.000010 0.999980 0.000010
HG03202	0.000010 0.999980 0.000010
HG03209	0.000010 0.999980 0.000010
HG03212	0.000010 0.999980 0.000010
HG03224	0.000010 0.999980 0.000010
HG03225	0.000010 0.999980 0.000010
HG03240	0.000010 0.992238 0.007752
HG03241	0.000010 0.998663 0.001327
HG03246	0.000010 0.970289 0.029701
HG03247	0.000010 0.986138 0.013852
HG03258	0.000010 0.987480 0.012510
HG03259	0.000010 0.978385 0.021605
HG03265	0.000010 0.999980 0.000010
HG03267	0.000013 0.999977 0.000010
HG03268	0.000010 0.999980 0.000010
HG03270	0.000010 0.999980 0.000010
HG03271	0.000010 0.999980 0.000010
HG03279	0.000010 0.999980 0.000010
HG03280	0.000010 0.999980 0.000010
HG03291	0.000010 0.999980 0.000010
HG03294	0.000010 0.999980 0.000010
HG03295	0.000010 0.999980 0.000010
HG03297	0.000010 0.999980 0.000010
HG03298	0.000010 0.999980 0.000010
HG03300	0.000010 0.999980 0.000010
HG03301	0.000010 0.999980 0.000010
HG03303	0.000010 0.999980 0.000010
HG03304	0.000010 0.999980 0.000010
HG03311	0.000010 0.999980 0.000010
HG03313	0.000010 0.999980 0.000010
HG03342	0.000010 0.999980 0.000010
HG03343	0.000010 0.999980 0.000010
HG03351	0.000010 0.999980 0.000010
HG03352	0.000010 0.999980 0.000010
HG03354	0.000010 0.999980 0.000010
HG03363	0.000010 0.999980 0.000010
HG03366	0.000010 0.999980 0.000010
HG03367	0.000010 0.999980 0.000010
HG03369	0.000010 0.999980 0.000010
HG03370	0.000010 0.999980 0.000010
HG03372	0.000010 0.999980 0.000010
HG03376	0.000010 0.999980 0.000010
HG03378	0.000010 0.999980 0.000010
HG03380	0.000010 0.999980 0.000010
HG03382	0.000010 0.999980 0.000010
HG03385	0.000010 0.999980 0.000010
HG03388	0.000010 0.999980 0.000010
HG03391	0.000010 0.999980 0.000010
HG03394	0.000010 0.999980 0.000010
HG03397	0.000010 0.999980 0.000010
HG03401	0.000010 0.999980 0.000010
HG03410	0.000010 0.999980 0.000010
HG03419	0.000010 0.999980 0.000010
HG03428	0.000010 0.999980 0.000010
HG03432	0.000010 0.999980 0.000010
HG03433	0.000010 0.999980 0.000010
HG03436	0.000010 0.999980 0.000010
HG03437	0.000010 0.999980 0.000010
HG03439	0.000010 0.999980 0.000010
HG03442	0.000010 0.999980 0.000010
HG03445	0.000010 0.999980 0.000010
HG03446	0.000010 0.999980 0.000010
HG03449	0.000010 0.999980 0.000010
HG03451	0.000010 0.999980 0.000010
HG03452	0.000010 0.999980 0.000010
HG03455	0.000010 0.999980 0.000010
HG03457	0.000010 0.999980 0.000010
HG03458	0.000010 0.999980 0.000010
HG03460	0.000010 0.999980 0.000010
HG03461	0.000010 0.999980 0.000010
HG03464	0.000010 0.999980 0.000010
HG03469	0.000010 0.999980 0.000010
HG03470	0.000010 0.999980 0.000010
HG03472	0.000010 0.999980 0.000010
HG03473	0.000010 0.999980 0.000010
HG03476	0.000010 0.999980 0.000010
HG03478	0.000010 0.999980 0.000010
HG03479	0.000010 0.999980 0.000010
HG03484	0.000010 0.999980 0.000010
HG03485	0.000010 0.999980 0.000010
HG03499	0.000010 0.999980 0.000010
HG03511	0.000010 0.999980 0.000010
HG03514	0.000010 0.999980 0.000010
HG03515	0.000010 0.999980 0.000010
HG03517	0.000010 0.999980 0.000010
HG03518	0.000010 0.999980 0.000010
HG03520	0.000010 0.999980 0.000010
HG03521	0.000010 0.999980 0.000010
HG03538	0.000010 0.988046 0.011944
HG03539	0.000010 0.951549 0.048441
HG03547	0.000010 0.999980 0.000010
HG03548	0.000010 0.999980 0.000010
HG03556	0.000010 0.999980 0.000010
HG03557	0.000010 0.999980 0.000010
HG03558	0.000010 0.999980 0.000010
HG03559	0.000010 0.999980 0.000010
HG03563	0.000010 0.999980 0.000010
HG03565	0.000010 0.999980 0.000010
HG03567	0.000010 0.999980 0.000010
HG03571	0.000010 0.999980 0.000010
HG03572	0.000010 0.999980 0.000010
HG03575	0.000010 0.999980 0.000010
HG03577	0.000010 0.999980 0.000010
HG03578	0.000010 0.999980 0.000010
HG03583	0.000010 0.999980 0.000010
NA06984	0.000010 0.000010 0.999980
NA06985	0.001586 0.000010 0.998404
NA06986	0.000010 0.000010 0.999980
NA06989	0.000010 0.000010 0.999980
NA06994	0.000314 0.000010 0.999676
NA07000	0.002050 0.000010 0.997940
NA07037	0.000014 0.000010 0.999976
NA07048	0.000010 0.000010 0.999980
NA07051	0.000010 0.000010 0.999980
NA07056	0.001024 0.000010 0.998966
NA07347	0.000010 0.000010 0.999980
NA07357	0.000010 0.000010 0.999980
NA10847	0.000204 0.000010 0.999786
NA10851	0.000010 0.000010 0.999980
NA11829	0.004293 0.000010 0.995697
NA11830	0.005327 0.000010 0.994663
NA11831	0.000010 0.000010 0.999980
NA11832	0.000010 0.000010 0.999980
NA11840	0.010927 0.000010 0.989063
NA11843	0.000010 0.000010 0.999980
NA11881	0.005690 0.000010 0.994300
NA11892	0.000813 0.000010 0.999177
NA11893	0.003448 0.000010 0.996542
NA11894	0.000010 0.000010 0.999980
NA11918	0.002666 0.000010 0.997324
NA11919	0.000010 0.000010 0.999980
NA11920	0.000010 0.000010 0.999980
NA11930	0.004960 0.000010 0.995030
NA11931	0.000010 0.000010 0.999980
NA11932	0.000017 0.000010 0.999973
NA11933	0.000010 0.000010 0.999980
NA11992	0.000010 0.000010 0.999980
NA11994	0.003795 0.000010 0.996195
NA11995	0.000010 0.000010 0.999980
NA12003	0.007903 0.000010 0.992087
NA12004	0.000010 0.000010 0.999980
NA12005	0.000010 0.000010 0.999980
NA12006	0.007181 0.000010 0.992809
NA12043	0.000010 0.000010 0.999980
NA12044	0.004571 0.000010 0.995419
NA12045	0.000010 0.000010 0.999980
NA12046	0.001518 0.000010 0.998472
NA12058	0.002578 0.000010 0.997412
NA12144	0.000012 0.000010 0.999978
NA12154	0.000824 0.000010 0.999166
NA12155	0.000010 0.000010 0.999980
NA12156	0.000344 0.000010 0.999646
NA12234	0.000451 0.000010 0.999539
NA12249	0.007322 0.000010 0.992668
NA12272	0.000010 0.000010 0.999980
NA12273	0.001248 0.002067 0.996685
NA12275	0.007703 0.000010 0.992287
NA12282	0.005111 0.000010 0.994879
NA12283	0.002131 0.004717 0.993152
NA12286	0.015703 0.000010 0.984287
NA12287	0.000010 0.000010 0.999980
NA12340	0.000010 0.000010 0.999980
NA12341	0.001743 0.007610 0.990647
NA12342	0.002035 0.000010 0.997955
NA12347	0.000010 0.000010 0.999980
NA12348	0.011019 0.000010 0.988971
NA12383	0.000010 0.000010 0.999980
NA12399	0.000010 0.000010 0.999980
NA12400	0.001388 0.000010 0.998602
NA12413	0.009971 0.000010 0.990019
NA12414	0.003639 0.000010 0.996351
NA12489	0.000013 0.000010 0.999977
NA12546	0.001364 0.000010 0.998626
NA12716	0.000011 0.000010 0.999979
NA12717	0.004600 0.000010 0.995390
NA12718	0.000010 0.000010 0.999980
NA12748	0.000772 0.000010 0.999218
NA12749	0.000010 0.000010 0.999980
NA12750	0.001513 0.000010 0.998477
NA12751	0.000010 0.000010 0.999980
NA12760	0.005554 0.000010 0.994436
NA12761	0.005662 0.000010 0.994328
NA12762	0.002288 0.000010 0.997702
NA12763	0.000010 0.000010 0.999980
NA12775	0.000010 0.000010 0.999980
NA12776	0.007359 0.000010 0.992631
NA12777	0.000010 0.000010 0.999980
NA12778	0.000010 0.000010 0.999980
NA12812	0.001567 0.000010 0.998423
NA12813	0.000010 0.000010 0.999980
NA12814	0.001469 0.000010 0.998521
NA12815	0.008145 0.000010 0.991845
NA12827	0.006466 0.000010 0.993524
NA12828	0.000095 0.000010 0.999895
NA12829	0.000010 0.000010 0.999980
NA12830	0.004011 0.000010 0.995979
NA12842	0.000010 0.000010 0.999980
NA12843	0.004671 0.000010 0.995319
NA12872	0.006452 0.004185 0.989363
NA12873	0.003776 0.000010 0.996214
NA12874	0.002913 0.000010 0.997077
NA12878	0.001654 0.000010 0.998336
NA12889	0.000011 0.000010 0.999979
NA12890	0.000984 0.000010 0.999006
NA18486	0.000010 0.999980 0.000010
NA18488	0.000010 0.999980 0.000010
NA18489	0.000010 0.999980 0.000010
NA18498	0.000010 0.999980 0.000010
NA18499	0.000010 0.999980 0.000010
NA18501	0.000010 0.999980 0.000010
NA18502	0.000010 0.999980 0.000010
NA18504	0.000010 0.999980 0.000010
NA18505	0.000010 0.999980 0.000010
NA18507	0.000010 0.999980 0.000010
NA18508	0.000010 0.999980 0.000010
NA18510	0.000010 0.999980 0.000010
NA18511	0.000010 0.999980 0.000010
NA18516	0.000010 0.999980 0.000010
NA18517	0.000010 0.999980 0.000010
NA18519	0.000010 0.999980 0.000010
NA18520	0.000010 0.999980 0.000010
NA18522	0.000010 0.999980 0.000010
NA18523	0.000010 0.999980 0.000010
NA18853	0.000010 0.999980 0.000010
NA18856	0.000010 0.999980 0.000010
NA18858	0.000010 0.999980 0.000010
NA18861	0.000010 0.999980 0.000010
NA18864	0.000010 0.999980 0.000010
NA18865	0.000010 0.999980 0.000010
NA18867	0.000010 0.999980 0.000010
NA18868	0.000010 0.999980 0.000010
NA18870	0.000010 0.999980 0.000010
NA18871	0.000010 0.999980 0.000010
NA18873	0.000010 0.999980 0.000010
NA18874	0.000010 0.999980 0.000010
NA18876	0.000010 0.999980 0.000010
NA18877	0.000010 0.999980 0.000010
NA18878	0.000010 0.998319 0.001671
NA18879	0.000010 0.999980 0.000010
NA18881	0.000010 0.999980 0.000010
NA18907	0.000010 0.999980 0.000010
NA18908	0.000010 0.999980 0.000010
NA18909	0.000010 0.999980 0.000010
NA18910	0.000010 0.999980 0.000010
NA18912	0.000010 0.999980 0.000010
NA18915	0.000010 0.999980 0.000010
NA18916	0.000010 0.999980 0.000010
NA18917	0.000010 0.999980 0.000010
NA18923	0.000010 0.999980 0.000010
NA18924	0.000010 0.999980 0.000010
NA18933	0.000010 0.999980 0.000010
NA18934	0.000010 0.999980 0.000010
NA19017	0.000010 0.971209 0.028781
NA19019	0.002406 0.957156 0.040438
NA19020	0.005469 0.955712 0.038819
NA19023	0.002558 0.971144 0.026298
NA19024	0.000010 0.958681 0.041309
NA19025	0.004572 0.961369 0.034059
NA19026	0.000010 0.957156 0.042834
NA19027	0.004318 0.934535 0.061147
NA19028	0.001295 0.946240 0.052465
NA19030	0.002711 0.963272 0.034017
NA19031	0.003868 0.947706 0.048425
NA19035	0.002882 0.955150 0.041968
NA19036	0.001405 0.965038 0.033557
NA19037	0.000010 0.952859 0.047131
NA19038	0.001944 0.962125 0.035931
NA19041	0.004571 0.953479 0.041950
NA19042	0.002167 0.938378 0.059455
NA19043	0.000010 0.954850 0.045140
NA19092	0.000010 0.999980 0.000010
NA19093	0.000010 0.999980 0.000010
NA19095	0.000010 0.999980 0.000010
NA19096	0.000010 0.999980 0.000010
NA19098	0.000010 0.999980 0.000010
NA19099	0.000010 0.999980 0.000010
NA19102	0.000010 0.999980 0.000010
NA19107	0.000010 0.999980 0.000010
NA19108	0.000010 0.999980 0.000010
NA19113	0.000010 0.999980 0.000010
NA19114	0.000010 0.999980 0.000010
NA19116	0.000010 0.999980 0.000010
NA19117	0.000010 0.999980 0.000010
NA19118	0.000010 0.984393 0.015597
NA19119	0.000010 0.999980 0.000010
NA19121	0.000010 0.999980 0.000010
NA19129	0.000010 0.999980 0.000010
NA19130	0.000010 0.999980 0.000010
NA19131	0.000010 0.999980 0.000010
NA19137	0.000010 0.999980 0.000010
NA19138	0.000010 0.999980 0.000010
NA19141	0.000010 0.999980 0.000010
NA19143	0.000010 0.999980 0.000010
NA19144	0.000010 0.999980 0.000010
NA19146	0.000010 0.999980 0.000010
NA19147	0.000010 0.999980 0.000010
NA19149	0.000010 0.999980 0.000010
NA19152	0.000010 0.999980 0.000010
NA19153	0.000010 0.999980 0.000010
NA19159	0.000010 0.999980 0.000010
NA19160	0.000010 0.999980 0.000010
NA19171	0.000010 0.999980 0.000010
NA19172	0.000010 0.999980 0.000010
NA19175	0.000010 0.999980 0.000010
NA19184	0.000010 0.999980 0.000010
NA19185	0.000010 0.999980 0.000010
NA19189	0.000010 0.999980 0.000010
NA19190	0.000010 0.999980 0.000010
NA19197	0.000010 0.999980 0.000010
NA19198	0.000010 0.999980 0.000010
NA19200	0.000010 0.999980 0.000010
NA19201	0.000010 0.999980 0.000010
NA19204	0.000010 0.999980 0.000010
NA19206	0.000010 0.999980 0.000010
NA19207	0.000014 0.999976 0.000010
NA19209	0.000010 0.999980 0.000010
NA19210	0.000010 0.999980 0.000010
NA19213	0.000010 0.999980 0.000010
NA19214	0.000010 0.999980 0.000010
NA19222	0.000010 0.999980 0.000010
NA19223	0.000010 0.999980 0.000010
NA19225	0.000010 0.999980 0.000010
NA19235	0.000010 0.999980 0.000010
NA19236	0.000010 0.999980 0.000010
NA19238	0.000010 0.999980 0.000010
NA19239	0.000010 0.999980 0.000010
NA19247	0.000010 0.999980 0.000010
NA19248	0.000010 0.999980 0.000010
NA19256	0.000010 0.999980 0.000010
NA19257	0.000010 0.999980 0.000010
NA19307	0.000076 0.955212 0.044711
NA19308	0.001092 0.958839 0.040070
NA19309	0.001843 0.954946 0.043211
NA19310	0.005807 0.971287 0.022907
NA19312	0.000010 0.957120 0.042870
NA19314	0.001741 0.932805 0.065454
NA19315	0.000010 0.937720 0.062270
NA19316	0.001868 0.953409 0.044723
NA19317	0.002946 0.962161 0.034894
NA19318	0.000010 0.964517 0.035473
NA19319	0.000010 0.953942 0.046048
NA19320	0.002370 0.957770 0.039860
NA19321	0.000010 0.954670 0.045320
NA19323	0.000824 0.935289 0.063887
NA19324	0.003297 0.953310 0.043393
NA19327	0.002876 0.931983 0.065142
NA19328	0.002363 0.957725 0.039911
NA19331	0.000010 0.956641 0.043349
NA19332	0.000010 0.952500 0.047490
NA19334	0.000874 0.952699 0.046427
NA19338	0.000010 0.942908 0.057082
NA19346	0.000441 0.955881 0.043678
NA19347	0.000010 0.951939 0.048051
NA19350	0.000151 0.951478 0.048371
NA19351	0.001169 0.963222 0.035609
NA19355	0.008214 0.949555 0.042230
NA19360	0.000907 0.959420 0.039672
NA19372	0.003029 0.966749 0.030221
NA19374	0.002730 0.952007 0.045263
NA19375	0.000010 0.949609 0.050381
NA19376	0.000010 0.967461 0.032529
NA19377	0.000970 0.963612 0.035418
NA19378	0.002656 0.958427 0.038917
NA19379	0.000010 0.954747 0.045243
NA19380	0.005439 0.940258 0.054303
NA19383	0.005335 0.949385 0.045280
NA19384	0.000010 0.974969 0.025021
NA19385	0.001638 0.948261 0.050101
NA19390	0.003487 0.956603 0.039910
NA19391	0.000010 0.970652 0.029338
NA19393	0.000010 0.957815 0.042175
NA19394	0.002419 0.954799 0.042782
NA19395	0.003251 0.947626 0.049123
NA19397	0.000010 0.965357 0.034633
NA19399	0.001043 0.971397 0.027560
NA19401	0.001264 0.942228 0.056508
NA19403	0.000864 0.935222 0.063914
NA19404	0.005885 0.957794 0.036320
NA19428	0.000010 0.955022 0.044968
NA19429	0.000363 0.957380 0.042257
NA19430	0.002673 0.954267 0.043060
NA19431	0.002417 0.961362 0.036221
NA19434	0.003424 0.949542 0.047033
NA19435	0.002967 0.946272 0.050761
NA19436	0.004336 0.954640 0.041024
NA19437	0.004053 0.934873 0.061075
NA19438	0.005829 0.962082 0.032089
NA19439	0.002723 0.957597 0.039680
NA19440	0.001700 0.944458 0.053842
NA19443	0.003040 0.954810 0.042151
NA19445	0.000010 0.955202 0.044788
NA19446	0.000010 0.958617 0.041373
NA19448	0.001582 0.945860 0.052558
NA19449	0.004881 0.956898 0.038221
NA19451	0.001662 0.956135 0.042203
NA19452	0.001101 0.939557 0.059342
NA19454	0.000010 0.958678 0.041312
NA19455	0.001602 0.954244 0.044154
NA19456	0.005278 0.957424 0.037299
NA19457	0.001094 0.955188 0.043718
NA19461	0.001621 0.950872 0.047507
NA19462	0.004251 0.968801 0.026949
NA19463	0.003314 0.944501 0.052185
NA19466	0.003724 0.940469 0.055808
NA19467	0.003346 0.940405 0.056248
NA19468	0.001458 0.947987 0.050554
NA19471	0.002108 0.946883 0.051009
NA19472	0.004526 0.935740 0.059734
NA19473	0.000695 0.940044 0.059261
NA19474	0.000010 0.939999 0.059991
NA19475	0.001622 0.948765 0.049613
NA19625	0.211722 0.649894 0.138384
NA19648	0.066299 0.019927 0.913774
NA19649	0.217588 0.035632 0.746781
NA19651	0.261911 0.058277 0.679812
NA19652	0.273312 0.047670 0.679018
NA19654	0.545509 0.054230 0.400261
NA19655	0.309677 0.053464 0.636860
NA19657	0.596677 0.049127 0.354196
NA19658	0.331186 0.032097 0.636717
NA19661	0.483921 0.048554 0.467525
NA19663	0.587230 0.069518 0.343252
NA19664	0.506668 0.062633 0.430699
NA19669	0.333425 0.026631 0.639944
NA19670	0.469574 0.055278 0.475148
NA19676	0.297815 0.036558 0.665628
NA19678	0.211899 0.074910 0.713191
NA19679	0.040322 0.034405 0.925273
NA19681	0.586769 0.047924 0.365307
NA19682	0.492379 0.026998 0.480623
NA19684	0.287233 0.012924 0.699843
NA19700	0.001084 0.815648 0.183268
NA19701	0.030027 0.827247 0.142726
NA19703	0.003282 0.836295 0.160423
NA19704	0.005704 0.833940 0.160355
NA19707	0.013546 0.718167 0.268287
NA19711	0.006311 0.871845 0.121844
NA19712	0.010655 0.871586 0.117758
NA19713	0.000072 0.728156 0.271771
NA19716	0.537205 0.055721 0.407074
NA19717	0.593283 0.040605 0.366112
NA19719	0.414601 0.064344 0.521055
NA19720	0.639454 0.054867 0.305679
NA19722	0.464763 0.049602 0.485635
NA19723	0.496817 0.083053 0.420130
NA19725	0.343441 0.042406 0.614153
NA19726	0.628408 0.012636 0.358956
NA19728	0.958045 0.000010 0.041945
NA19729	0.908932 0.000010 0.091058
NA19731	0.999980 0.000010 0.000010
NA19732	0.989415 0.000010 0.010575
NA19734	0.629901 0.017310 0.352789
NA19735	0.861509 0.014157 0.124334
NA19740	0.753541 0.030163 0.216296
NA19741	0.850667 0.000010 0.149323
NA19746	0.694630 0.036381 0.268989
NA19747	0.539488 0.032572 0.427941
NA19749	0.373141 0.053876 0.572983
NA19750	0.296228 0.040512 0.663261
NA19752	0.505461 0.033154 0.461385
NA19755	0.672066 0.053377 0.274557
NA19756	0.488919 0.068992 0.442089
NA19758	0.775518 0.013658 0.210824
NA19759	0.764656 0.019651 0.215694
NA19761	0.548840 0.056239 0.394921
NA19762	0.620621 0.062929 0.316449
NA19764	0.382267 0.056471 0.561262
NA19770	0.408102 0.054518 0.537381
NA19771	0.511538 0.047810 0.440651
NA19773	0.377400 0.034622 0.587978
NA19774	0.482969 0.060594 0.456438
NA19776	0.456602 0.097745 0.445653
NA19777	0.429502 0.085567 0.484931
NA19779	0.309067 0.048041 0.642892
NA19780	0.364750 0.038945 0.596305
NA19782	0.452324 0.067175 0.480501
NA19783	0.736660 0.013222 0.250118
NA19785	0.684243 0.051554 0.264203
NA19786	0.588230 0.043928 0.367842
NA19788	0.633777 0.046993 0.319230
NA19789	0.431508 0.078038 0.490454
NA19792	0.317403 0.067609 0.614988
NA19794	0.310668 0.039358 0.649975
NA19795	0.493755 0.061963 0.444282
NA19818	0.014700 0.716039 0.269261
NA19819	0.008775 0.703575 0.287650
NA19834	0.000010 0.747912 0.252078
NA19835	0.005150 0.822004 0.172846
NA19900	0.002221 0.812923 0.184856
NA19901	0.015025 0.895201 0.089774
NA19904	0.000061 0.808072 0.191867
NA19908	0.004269 0.870157 0.125574
NA19909	0.025094 0.864099 0.110806
NA19913	0.012213 0.834708 0.153079
NA19914	0.008436 0.695121 0.296442
NA19916	0.005170 0.874060 0.120770
NA19917	0.004180 0.896720 0.099100
NA19920	0.000393 0.894869 0.104737
NA19921	0.105024 0.563643 0.331333
NA19922	0.011217 0.689258 0.299524
NA19923	0.006528 0.606260 0.387212
NA19982	0.004317 0.860167 0.135516
NA19984	0.007940 0.858129 0.133931
NA20126	0.012539 0.687107 0.300354
NA20127	0.006197 0.894751 0.099052
NA20274	0.460581 0.304762 0.234658
NA20276	0.006497 0.808366 0.185138
NA20278	0.002617 0.480045 0.517338
NA20281	0.000010 0.828624 0.171366
NA20282	0.021427 0.723521 0.255052
NA20287	0.011041 0.822291 0.166668
NA20289	0.003847 0.773521 0.222631
NA20291	0.001841 0.967928 0.030231
NA20294	0.011142 0.845147 0.143711
NA20296	0.013880 0.771151 0.214969
NA20298	0.014024 0.919433 0.066543
NA20299	0.437454 0.423332 0.139215
NA20314	0.643573 0.000010 0.356417
NA20317	0.003544 0.709054 0.287401
NA20318	0.041034 0.708070 0.250896
NA20320	0.018766 0.885528 0.095705
NA20321	0.009529 0.776239 0.214232
NA20332	0.011666 0.783413 0.204921
NA20334	0.000010 0.625298 0.374692
NA20339	0.042008 0.869241 0.088751
NA20340	0.006725 0.837657 0.155618
NA20342	0.015386 0.594871 0.389743
NA20346	0.020094 0.820646 0.159260
NA20348	0.007571 0.833733 0.158696
NA20351	0.015630 0.667494 0.316876
NA20355	0.004572 0.800353 0.195075
NA20356	0.000584 0.856275 0.143142
NA20357	0.007986 0.887337 0.104677
NA20359	0.010906 0.771403 0.217691
NA20362	0.011463 0.767276 0.221261
NA20412	0.046523 0.749842 0.203634
NA20502	0.000010 0.005098 0.994892
NA20503	0.000010 0.004220 0.995770
NA20504	0.001682 0.004333 0.993985
NA20505	0.000010 0.011321 0.988669
NA20506	0.000010 0.007163 0.992827
NA20507	0.000010 0.008202 0.991788
NA20508	0.000010 0.008851 0.991139
NA20509	0.000010 0.008884 0.991106
NA20510	0.000010 0.006912 0.993078
NA20511	0.000010 0.007955 0.992035
NA20512	0.000010 0.003422 0.996568
NA20513	0.001777 0.007955 0.990268
NA20514	0.000010 0.006342 0.993648
NA20515	0.000010 0.002091 0.997899
NA20516	0.000010 0.006939 0.993051
NA20517	0.000010 0.009667 0.990323
NA20518	0.003764 0.002184 0.994052
NA20519	0.000010 0.007431 0.992559
NA20520	0.000010 0.007890 0.992100
NA20521	0.000010 0.008787 0.991203
NA20522	0.003004 0.006891 0.990105
NA20524	0.000010 0.002111 0.997879
NA20525	0.000010 0.008431 0.991559
NA20527	0.000010 0.006885 0.993105
NA20528	0.000010 0.011445 0.988545
NA20529	0.000010 0.007738 0.992252
NA20530	0.000010 0.005778 0.994212
NA20531	0.000010 0.008468 0.991522
NA20532	0.000010 0.006783 0.993207
NA20533	0.000010 0.008140 0.991850
NA20534	0.001146 0.008673 0.990182
NA20535	0.000010 0.010193 0.989797
NA20536	0.000010 0.003458 0.996532
NA20538	0.000010 0.007883 0.992107
NA20539	0.000010 0.006989 0.993001
NA20540	0.000010 0.004228 0.995762
NA20541	0.000010 0.005720 0.994270
NA20542	0.000010 0.006436 0.993554
NA20543	0.000010 0.008127 0.991863
NA20544	0.000010 0.003729 0.996261
NA20581	0.000010 0.004457 0.995533
NA20582	0.000010 0.007571 0.992419
NA20585	0.000010 0.009582 0.990408
NA20586	0.000010 0.004177 0.995813
NA20587	0.000010 0.010081 0.989909
NA20588	0.000010 0.007157 0.992833
NA20589	0.000010 0.009848 0.990142
NA20752	0.000010 0.006225 0.993765
NA20753	0.000513 0.005402 0.994085
NA20754	0.000010 0.005823 0.994167
NA20755	0.000010 0.005805 0.994185
NA20756	0.000010 0.010902 0.989088
NA20757	0.000010 0.008165 0.991825
NA20758	0.000010 0.010117 0.989873
NA20759	0.000010 0.008780 0.991210
NA20760	0.000010 0.007088 0.992902
NA20761	0.000010 0.006749 0.993241
NA20762	0.000010 0.004022 0.995968
NA20763	0.000010 0.007004 0.992986
NA20764	0.000010 0.007692 0.992298
NA20765	0.000010 0.007598 0.992392
NA20766	0.000010 0.010109 0.989881
NA20767	0.000010 0.008594 0.991396
NA20768	0.000010 0.006435 0.993555
NA20769	0.000010 0.005631 0.994359
NA20770	0.000010 0.011146 0.988844
NA20771	0.000010 0.006223 0.993767
NA20772	0.000010 0.005986 0.994004
NA20773	0.000010 0.001856 0.998134
NA20774	0.000010 0.009159 0.990831
NA20775	0.000010 0.007215 0.992775
NA20778	0.000010 0.005115 0.994875
NA20783	0.000010 0.006496 0.993494
NA20785	0.000010 0.007580 0.992410
NA20786	0.002116 0.006892 0.990992
NA20787	0.000010 0.006166 0.993824
NA20790	0.000010 0.009081 0.990909
NA20792	0.000012 0.000010 0.999978
NA20795	0.000010 0.012082 0.987908
NA20796	0.000010 0.005587 0.994403
NA20797	0.000010 0.010700 0.989290
NA20798	0.000010 0.001641 0.998349
NA20799	0.000010 0.005838 0.994152
NA20800	0.000010 0.005928 0.994062
NA20801	0.000010 0.008326 0.991664
NA20802	0.000010 0.007236 0.992754
NA20803	0.000010 0.008056 0.991934
NA20804	0.000010 0.010011 0.989979
NA20805	0.000010 0.006383 0.993607
NA20806	0.000010 0.006964 0.993026
NA20807	0.000010 0.005511 0.994479
NA20808	0.000010 0.010065 0.989925
NA20809	0.000010 0.004405 0.995585
NA20810	0.000010 0.005402 0.994588
NA20811	0.000010 0.008987 0.991003
NA20812	0.002910 0.005481 0.991609
NA20813	0.000010 0.008883 0.991107
NA20814	0.000572 0.009392 0.990035
NA20815	0.000010 0.008640 0.991350
NA20818	0.000010 0.006042 0.993948
NA20819	0.004260 0.007430 0.988311
NA20821	0.007014 0.010468 0.982518
NA20822	0.000010 0.012169 0.987821
NA20826	0.000010 0.005219 0.994771
NA20827	0.000956 0.006977 0.992067
NA20828	0.000010 0.006055 0.993935
NA20832	0.003395 0.012026 0.984579
