SNP	AFR	AMR	EAS	EUR	SAS
rs77790699	0.01513	0.08357	0.00496	0.17	0.1339
rs66829166	0.4781	0.4856	0.4385	0.4483	0.3476
rs3942472	0.05749	0.3314	0.248	0.175	0.1176
rs2561397	0.27	0.2968	0.4653	0.3121	0.2311
rs4896278	0.3177	0.3228	0.4385	0.3757	0.3528
rs6462840	0.3555	0.4856	0.3214	0.3917	0.4734
rs76745917	0.001513	0.07061	0.2113	0.02783	0.04294
rs12535801	0.3707	0.4251	0.4702	0.3877	0.4918
rs2956734	0.2315	0.1124	0.001984	0.1958	0.1391
rs1392043	0.4758	0.4063	0.1706	0.2535	0.2157
rs66900327	0.23	0.1297	0.05357	0.1233	0.08282
rs627761	0.04312	0.2435	0.1468	0.09344	0.1299
rs7995390	0.2587	0.09222	0.05258	0.1382	0.1421
rs414881	0.3548	0.4669	0.4077	0.4662	0.4632
rs1951838	0.1195	0.4352	0.01091	0.4215	0.2935
rs11655516	0.4183	0.3112	0.3472	0.3658	0.4162
rs184688	0.1475	0.4078	0.2996	0.3638	0.3405
rs34800424	0.07867	0.1326	0.1825	0.1918	0.1462
rs913681	0.3676	0.2651	0.4048	0.3022	0.1759
rs914125	0.4599	0.1859	0.07341	0.2227	0.181
